# Etude d'un circuit RC en régime libre.
#
# On a pris une résistance R = 100kOhm
# Les valeurs de tension uc ne correspondent pas à une tension mais à son codage binaire.
# Ses valeurs sont entre 0 et 1023. 0 correspond à une tension de 0V et 1023 à une tension de 5V.
#
t(microsecondes), uc(binaire)
4.00e+00;1008
2.48e+02;990
4.08e+02;972
5.68e+02;954
7.20e+02;939
8.72e+02;922
1.04e+03;905
1.19e+03;890
1.35e+03;875
1.51e+03;860
1.67e+03;845
1.82e+03;831
1.98e+03;818
2.14e+03;806
2.30e+03;791
2.46e+03;779
2.62e+03;767
2.78e+03;755
2.93e+03;743
3.09e+03;731
3.24e+03;721
3.40e+03;709
3.56e+03;698
3.72e+03;687
3.88e+03;677
4.03e+03;667
4.18e+03;658
4.34e+03;648
4.50e+03;637
4.66e+03;628
4.91e+03;613
5.25e+03;594
5.59e+03;576
5.93e+03;557
6.27e+03;541
6.61e+03;523
6.95e+03;508
7.29e+03;492
7.63e+03;478
7.97e+03;464
8.31e+03;449
8.65e+03;436
8.99e+03;424
9.33e+03;411
9.67e+03;400
1.00e+04;387
1.03e+04;376
1.07e+04;366
1.10e+04;355
1.14e+04;346
1.17e+04;336
1.20e+04;326
1.24e+04;318
1.27e+04;307
1.31e+04;299
1.34e+04;290
1.37e+04;283
1.41e+04;276
1.44e+04;267
1.48e+04;260
1.51e+04;254
1.54e+04;245
1.58e+04;240
1.61e+04;232
1.65e+04;226
1.68e+04;221
1.71e+04;214
1.75e+04;209
1.78e+04;204
1.82e+04;197
1.85e+04;192
1.88e+04;187
1.92e+04;182
1.95e+04;177
1.99e+04;172
2.02e+04;168
2.05e+04;162
2.09e+04;159
2.12e+04;156
2.16e+04;151
2.19e+04;147
2.22e+04;142
2.26e+04;139
2.29e+04;135
2.33e+04;132
2.36e+04;129
2.39e+04;126
2.43e+04;122
2.46e+04;119
2.50e+04;115
2.53e+04;113
2.56e+04;109
2.60e+04;106
2.63e+04;104
2.67e+04;101
2.70e+04;99
2.73e+04;96
2.77e+04;93
2.80e+04;91
2.84e+04;88
2.87e+04;87
2.90e+04;85
2.94e+04;82
2.97e+04;81
3.01e+04;79
3.04e+04;77
3.07e+04;75
3.11e+04;73
3.14e+04;71
3.18e+04;69
3.21e+04;67
3.24e+04;66
3.28e+04;64
3.31e+04;63
3.35e+04;62
3.38e+04;59
3.41e+04;58
3.45e+04;56
3.48e+04;55
3.52e+04;54
3.55e+04;52
3.58e+04;51
3.62e+04;50
3.65e+04;49
3.69e+04;48
3.72e+04;46
3.75e+04;46
3.79e+04;44
3.82e+04;43
3.86e+04;43
3.89e+04;41
3.92e+04;40
3.96e+04;40
3.99e+04;39
4.03e+04;38
4.06e+04;36
4.10e+04;35
4.13e+04;36
4.16e+04;33
4.20e+04;34
4.23e+04;33
4.26e+04;31
4.30e+04;32
4.33e+04;30
4.37e+04;30
4.40e+04;29
4.43e+04;28
4.47e+04;28
4.50e+04;28
4.54e+04;27
4.57e+04;26
4.60e+04;25
4.64e+04;24
4.67e+04;24
4.71e+04;24
4.74e+04;23
4.77e+04;22
4.81e+04;23
4.84e+04;22
4.88e+04;21
4.91e+04;22
4.94e+04;20
4.98e+04;19
5.01e+04;20
5.05e+04;19
5.08e+04;19
5.11e+04;18
5.15e+04;18
5.18e+04;18
5.22e+04;17
5.25e+04;17
5.28e+04;16
5.32e+04;16
5.35e+04;16
5.39e+04;15
5.42e+04;16
5.45e+04;15
5.49e+04;15
5.52e+04;15
5.56e+04;13
5.59e+04;13
5.62e+04;14
5.66e+04;13
5.69e+04;14
5.73e+04;14
5.76e+04;13
5.79e+04;12
5.83e+04;12
5.86e+04;12
5.90e+04;12
5.93e+04;11
5.96e+04;12
6.00e+04;10
6.03e+04;11
6.07e+04;12
6.10e+04;9
6.13e+04;11
6.17e+04;9
6.20e+04;9
6.24e+04;10
6.27e+04;9
6.30e+04;10
6.34e+04;10
6.37e+04;9
6.41e+04;10
6.44e+04;8
6.47e+04;9
6.51e+04;8
6.54e+04;8
6.58e+04;8
6.61e+04;8
6.64e+04;8
6.68e+04;8
6.71e+04;8
6.75e+04;7
6.78e+04;7
6.81e+04;8
6.85e+04;7
6.88e+04;6
6.92e+04;7
6.95e+04;7
6.98e+04;7
7.02e+04;6
7.05e+04;6
7.09e+04;6
7.12e+04;6
7.15e+04;6
7.19e+04;6
7.22e+04;6
7.26e+04;6
7.29e+04;6
7.32e+04;5
7.36e+04;6
7.39e+04;5
7.43e+04;5
7.46e+04;6
7.49e+04;5
7.53e+04;6
7.56e+04;6
7.60e+04;5
7.63e+04;6
7.66e+04;5
7.70e+04;5
7.73e+04;5
7.77e+04;5
7.80e+04;5
7.83e+04;6
7.87e+04;5
7.90e+04;5
7.94e+04;5
7.97e+04;4
8.00e+04;4
8.04e+04;4
8.07e+04;5
8.11e+04;4
8.14e+04;4
8.17e+04;4
8.21e+04;3
8.24e+04;4
8.28e+04;4
8.31e+04;3
8.34e+04;4
8.38e+04;3
8.41e+04;4
8.45e+04;4
8.48e+04;3
8.51e+04;4
8.55e+04;3
8.58e+04;3
8.62e+04;4
8.65e+04;3
8.68e+04;4
8.72e+04;2
8.75e+04;3
8.79e+04;4
8.82e+04;3
8.85e+04;3
8.89e+04;3
8.92e+04;3
8.96e+04;4
8.99e+04;3
9.02e+04;4
9.06e+04;4
9.09e+04;3
9.13e+04;3
9.16e+04;3
9.19e+04;3
9.23e+04;2
9.26e+04;3
9.30e+04;4
9.33e+04;2
9.36e+04;3
9.40e+04;4
9.43e+04;3
9.47e+04;3
9.50e+04;2
9.53e+04;3
9.57e+04;4
9.60e+04;2
9.64e+04;3
9.67e+04;4
9.70e+04;3
9.74e+04;2
9.77e+04;1
9.81e+04;2
9.84e+04;2
9.87e+04;1
9.91e+04;3
9.94e+04;2
9.98e+04;3
1.00e+05;2
