# Etude du changement d'état du SF6
#
# L'expérience mesure les données thermodynamiques du gaz (T, P, V)
# L'état du système (Gazeux, Liquide, Liquide-Gaz, Supercritique)
# a été repéré en même temps que les données thermodynamiques.
#
Temperature(C),Pression(bar), Volume(cm3), Etat(0:G,1:LG,2:L,3:S)
15.1,7.5,4,0
15.1,7.75,3.8,0
15.1,8,3.6,0
15.1,8.5,3.4,0
15.1,9,3.2,0
15.1,9.5,3,0
15.1,9.75,2.9,0
15.1,10,2.8,0
15.1,10.5,2.65,0
15.1,11,2.5,0
15.1,11.5,2.35,0
15.1,12,2.25,0
15.1,12.5,2.15,0
15.1,13,2,0
15.1,13.5,1.9,0
15.1,14,1.85,0
15.1,14.5,1.75,0
15.1,15,1.65,0
15.1,15.5,1.6,0
15.1,16,1.5,0
15.1,16.5,1.45,0
15.1,17,1.4,0
15.1,17.5,1.35,0
15.1,18,1.25,0
15.1,18.5,1.2,0
15.1,19,1.15,1
15.1,19,1.1,1
15.1,19,1,1
15.1,19.1,0.9,1
15.1,19.1,0.8,1
15.1,19.1,0.7,1
15.1,19.1,0.6,1
15.1,19.1,0.4,1
15.1,19.25,0.3,1
15.1,19.5,0.2,1
15.1,20,0.15,1
15.1,39,0.125,2
20.1,7.5,4,0
20.1,8,3.8,0
20.1,8.5,3.5,0
20.1,9,3.25,0
20.1,9.5,3.05,0
20.1,10,2.9,0
20.1,10.5,2.75,0
20.1,11,2.6,0
20.1,11.5,2.45,0
20.1,12,2.35,0
20.1,12.5,2.2,0
20.1,13,2.1,0
20.1,13.5,2,0
20.1,14,1.9,0
20.1,14.5,1.85,0
20.1,15,1.75,0
20.1,15.5,1.65,0
20.1,16,1.6,0
20.1,16.5,1.55,0
20.1,17,1.45,0
20.1,17.5,1.4,0
20.1,18,1.35,0
20.1,18.5,1.3,0
20.1,19,1.25,0
20.1,19.5,1.2,0
20.1,20,1.15,0
20.1,20.5,1.1,0
20.1,21,1.05,0
20.1,21.5,1,1
20.1,21.5,0.9,1
20.1,21.5,0.8,1
20.1,21.5,0.7,1
20.1,21.5,0.6,1
20.1,21.5,0.4,1
20.1,21.75,0.3,1
20.1,22,0.2,1
20.1,23,0.15,2
20.1,37,0.125,2
24.8,7.75,4,0
24.8,8,3.8,0
24.8,8.5,3.55,0
24.8,9,3.35,0
24.8,9.5,3.15,0
24.8,10,2.95,0
24.8,10.5,2.8,0
24.8,11,2.65,0
24.8,11.5,2.5,0
24.8,12,2.4,0
24.8,12.5,2.35,0
24.8,13,2.15,0
24.8,13.5,2.05,0
24.8,14,1.95,0
24.8,14.5,1.9,0
24.8,15,1.8,0
24.8,15.5,1.725,0
24.8,16,1.65,0
24.8,16.5,1.6,0
24.8,17,1.5,0
24.8,17.5,1.45,0
24.8,18,1.4,0
24.8,18.5,1.35,0
24.8,19,1.3,0
24.8,19.5,1.25,0
24.8,20,1.2,0
24.8,20.5,1.15,0
24.8,21,1.1,0
24.8,21.75,1.05,0
24.8,22.25,1,0
24.8,23,0.95,0
24.8,23.5,0.9,0
24.8,24,0.85,1
24.8,24,0.8,1
24.8,24,0.7,1
24.8,24,0.6,1
24.8,24.25,0.5,1
24.8,24.5,0.3,1
24.8,25,0.2,1
24.8,28,0.15,2
30.0,8,3.9,0
30.0,8.5,3.65,0
30.0,9,3.4,0
30.0,9.5,3.2,0
30.0,10,3.1,0
30.0,10.5,2.9,0
30.0,11,2.75,0
30.0,11.5,2.6,0
30.0,12,2.45,0
30.0,12.5,2.35,0
30.0,13,2.225,0
30.0,13.5,2.15,0
30.0,14,2.05,0
30.0,14.5,1.95,0
30.0,15,1.85,0
30.0,15.5,1.8,0
30.0,16,1.7,0
30.0,16.5,1.65,0
30.0,17,1.6,0
30.0,17.5,1.5,0
30.0,18,1.45,0
30.0,18.5,1.4,0
30.0,19,1.35,0
30.0,19.5,1.3,0
30.0,20,1.25,0
30.0,20.5,1.2,0
30.0,21.5,1.15,0
30.0,22,1.1,0
30.0,22.5,1.05,0
30.0,23.5,1,0
30.0,24.5,0.9,0
30.0,25,0.85,0
30.0,26,0.8,0
30.0,26.75,0.75,0
30.0,27,0.7,1
30.0,27,0.6,1
30.0,27,0.5,1
30.0,27,0.4,1
30.0,28,0.2,1
30.0,30.5,0.15,2
35.0,8,4,0
35.0,8.5,3.75,0
35.0,9,3.5,0
35.0,9.5,3.3,0
35.0,10,3.1,0
35.0,10.5,2.95,0
35.0,11,2.8,0
35.0,11.5,2.65,0
35.0,12,2.5,0
35.0,12.5,2.4,0
35.0,13,2.3,0
35.0,13.5,2.2,0
35.0,14,2.1,0
35.0,14.5,2,0
35.0,15,1.9,0
35.0,15.5,1.85,0
35.0,16,1.75,0
35.0,16.5,1.7,0
35.0,17,1.65,0
35.0,17.5,1.575,0
35.0,18,1.5,0
35.0,18.5,1.45,0
35.0,19,1.4,0
35.0,19.5,1.35,0
35.0,20,1.3,0
35.0,21.25,1.25,0
35.0,21.5,1.2,0
35.0,22,1.15,0
35.0,22.5,1.1,0
35.0,23.25,1.05,0
35.0,24,1,0
35.0,24.5,0.95,0
35.0,25.5,0.9,0
35.0,26.25,0.85,0
35.0,27.25,0.8,0
35.0,28,0.75,0
35.0,29,0.7,0
35.0,29.5,0.65,0
35.0,30.25,0.6,1
35.0,30.25,0.5,1
35.0,30.25,0.4,1
35.0,30.5,0.35,1
35.0,30.75,0.25,1
35.0,31,0.2,1
35.0,31.5,0.175,2
35.0,40,0.15,2
40.0,8.5,3.8,0
40.0,9,3.55,0
40.0,9.5,3.35,0
40.0,10,3.15,0
40.0,10.5,3,0
40.0,11,2.95,0
40.0,11.5,2.7,0
40.0,12,2.6,0
40.0,12.5,2.45,0
40.0,13,2.35,0
40.0,13.5,2.25,0
40.0,14,2.15,0
40.0,14.5,2.1,0
40.0,15,2,0
40.0,15.5,1.9,0
40.0,16,1.825,0
40.0,16.5,1.75,0
40.0,17,1.7,0
40.0,17.5,1.65,0
40.0,18,1.575,0
40.0,18.5,1.5,0
40.0,19.25,1.45,0
40.0,20,1.35,0
40.0,20.75,1.3,0
40.0,21.5,1.25,0
40.0,22,1.2,0
40.0,22.5,1.15,0
40.0,23.25,1.1,0
40.0,24,1.05,0
40.0,24.75,1,0
40.0,25.5,0.95,0
40.0,26.25,0.9,0
40.0,27.25,0.85,0
40.0,28.25,0.8,0
40.0,29,0.75,0
40.0,30,0.7,0
40.0,31,0.65,0
40.0,32,0.6,0
40.0,32.75,0.55,0
40.0,33.5,0.5,1
40.0,33.5,0.4,1
40.0,33.5,0.35,1
40.0,33.75,0.3,1
40.0,34,0.25,1
40.0,35,0.2,1
40.0,38,0.15,1
45.6,8.5,3.95,3
45.6,9,3.65,3
45.6,9.5,3.45,3
45.6,10,3.25,3
45.6,10.5,3.1,3
45.6,11,2.95,3
45.6,11.5,2.8,3
45.6,12,2.65,3
45.6,12.5,2.5,3
45.6,13,2.4,3
45.6,13.5,2.3,3
45.6,14,2.2,3
45.6,14.5,2.1,3
45.6,15,2,3
45.6,15.5,1.95,3
45.6,16,1.875,3
45.6,16.5,1.8,3
45.6,17,1.75,3
45.6,17.5,1.7,3
45.6,18,1.6,3
45.6,18.5,1.55,3
45.6,19,1.5,3
45.6,19.75,1.45,3
45.6,20.25,1.4,3
45.6,20.75,1.35,3
45.6,21.5,1.3,3
45.6,22,1.25,3
45.6,22.75,1.2,3
45.6,23.25,1.15,3
45.6,24,1.1,3
45.6,24.75,1.05,3
45.6,25.5,1,3
45.6,26.5,0.95,3
45.6,27.5,0.9,3
45.6,28.5,0.85,3
45.6,29.5,0.8,3
45.6,30.25,0.75,3
45.6,31.5,0.7,3
45.6,32.5,0.65,3
45.6,33.5,0.6,3
45.6,35,0.55,3
45.6,35.75,0.5,3
45.6,36.75,0.45,3
45.6,37.5,0.4,3
45.6,38,0.35,3
45.6,38.5,0.3,3
45.6,38.5,0.25,3
45.6,39.75,0.2,3
45.6,44,.175,3